=== HOURLY PROFILE (all years, range normalised by prior 20-day ATR) ===
      nrange  nret_mean  nret_t  vol_share
hour                                      
0     0.1556     0.0014  0.4390     3.2205
1     0.2185     0.0087  1.9849     4.8720
2     0.1648     0.0052  1.5801     3.9581
3     0.1345    -0.0006 -0.2587     3.3083
4     0.1130    -0.0006 -0.2774     2.6371
5     0.1592    -0.0013 -0.4256     3.6032
6     0.1793     0.0034  0.9874     4.4132
7     0.1952     0.0026  0.7228     4.6192
8     0.1935    -0.0005 -0.1494     4.7134
9     0.1713     0.0053  1.7151     4.2642
10    0.1674    -0.0001 -0.0377     4.0142
11    0.1770     0.0024  0.7173     4.2354
12    0.2799    -0.0009 -0.1534     5.7384
13    0.3519    -0.0038 -0.5908     7.4945
14    0.3449     0.0033  0.4941     7.6548
15    0.2807    -0.0069 -1.1831     6.6472
16    0.2081     0.0057  1.4360     5.3806
17    0.1793    -0.0048 -1.3557     4.6885
18    0.1714     0.0051  1.4018     4.2106
19    0.1572    -0.0018 -0.4768     3.8808
20    0.1219     0.0064  2.3418     2.5783
21    0.1099     0.0060  1.3553     0.5475
22    0.1263     0.0114  3.8254     1.2087
23    0.1307     0.0151  4.8628     2.1114

=== HOURLY DRIFT BY REGIME (mean close-open as % of ATR, t-stat) ===
-- 2021-2023 --
hour            0     1     2     3     4     5     6     7     8     9     10    11    12    13    14   15    16    17    18    19    20    21    22    23
mean_pct_atr -0.16  0.56  0.89 -0.61 -0.83  0.80 -0.13  0.09 -0.49  0.86 -0.58 -0.06 -0.68 -0.12  0.57 -0.4  0.11 -0.72  0.87 -0.57  0.42 -0.07  1.22  1.87
t            -0.38  1.10  2.37 -2.04 -2.98  2.18 -0.29  0.17 -0.94  1.93 -1.22 -0.13 -0.74 -0.12  0.56 -0.5  0.21 -1.43  1.65 -1.06  1.27 -0.09  3.76  4.18
-- 2024-2026 --
hour            0     1     2     3     4     5     6     7     8     9     10    11    12    13    14    15    16    17    18    19    20    21    22    23
mean_pct_atr  0.42  1.15  0.16  0.45  0.67 -1.01  0.77  0.41  0.36  0.23  0.52  0.51  0.46 -0.63  0.11 -0.96  1.01 -0.25  0.16  0.20  0.86  0.90  1.07  1.17
t             0.88  1.65  0.31  1.18  2.14 -2.03  1.51  0.84  0.72  0.52  1.10  1.06  0.66 -0.75  0.12 -1.13  1.72 -0.51  0.33  0.39  1.97  1.65  2.09  2.72

=== DAY OF WEEK (daily bars) ===
     days  nrange  nret_mean  up_pct
Mon   257   1.001      0.057  55.253
Tue   255   1.007      0.049  52.941
Wed   255   1.062      0.067  50.980
Thu   250   1.094      0.091  56.400
Fri   253   0.996      0.002  52.964

=== WHEN DOES THE DAY'S HIGH/LOW FORM? (dealing day 22:00->21:59 UTC) ===
    high_%  low_%
0     4.57   4.65
1     5.81   6.59
2     3.26   3.26
3     1.71   2.09
4     1.09   1.47
5     2.09   2.56
6     2.56   2.33
7     3.72   3.10
8     2.71   3.80
9     2.17   2.33
10    2.79   1.47
11    2.48   2.33
12    5.50   5.74
13    8.68   8.60
14    8.29   9.07
15    7.60   5.89
16    4.96   3.72
17    3.49   2.79
18    4.19   4.50
19    4.26   4.96
20    6.36   3.72
21    1.55   0.85
22    5.74   6.51
23    4.42   7.67

P(extreme of day forms 12:00-16:59 UTC NY window): 34.0%
P(extreme of day forms 22:00-06:59 UTC Asia):        34.2%
P(extreme of day forms 07:00-11:59 UTC London):      13.4%

=== SESSION SHARE OF DAILY RANGE (mean of session_range/day_range) ===
     session  mean_share_%  median_share_%
  Asia 22-07          50.9            48.3
London 07-12          43.4            39.9
    NY 12-21          76.9            79.5