2022 16466.85 16385.2 81.6
2022 16574.8 16496.2 78.6
2022 16269.95 16194.22 75.7
2022 15791.7 15672.2 119.5
2022 15836.5 15636.75 199.8
2022 15681.95 15367.42 314.5
2022 15745.4 15556.4 189.0
2022 15992.45 15775.45 217.0
2022 15974.85 15848.37 126.5
2022 15569.5 15327 242.5
2022 15650.7 15547.47 103.2
2022 15473.65 15284.67 189.0
2022 15336.6 15070.62 266.0
2022 15220.7 15061.45 159.2
2022 14830.4 14687.92 142.5
2022 14589 14120.55 468.5
2022 14391.37 14144.7 246.7
2022 14520.05 14165.32 354.7
2022 14350.55 13937.47 413.1
2022 14175.2 13843.7 331.5
2022 14558.8 14412.55 146.2
2022 14977.1 14859.35 117.8
2022 15273.8 15161.55 112.2
2022 14882.5 14689.05 193.5
2022 14835.05 14371.85 463.2
2022 14771.7 14630.35 141.4
2022 14630.95 14497.8 133.2
2022 14958.65 14770.9 187.8
2022 15062.95 14732.35 330.6
2022 14749.5 14581.6 167.9
2022 14303.5 14039.7 263.8
2022 14583.3 14249.3 334.0
2022 14675.05 14503.4 171.6
2022 14590.15 14452.55 137.6
2022 14295.45 14137 158.5
2022 14164.3 13781.9 382.4
2022 13972 13620.75 351.2
2022 14075 13932.25 142.8
2022 13253.2 13031.2 222.0
2022 14111.75 13765.85 345.9
2022 14073.2 13854.7 218.5
2022 14331.7 14076.2 255.5
2022 14147.4 13916.65 230.8
2022 14393.85 14164.1 229.8
2022 14062.95 13876.95 186.0
2022 13850.25 13548.75 301.5
2022 13424.5 13113.25 311.2
2022 13646.15 13300.75 345.4
2022 13723.15 13510.9 212.2
2022 13861.25 13542.75 318.5
2022 13444.7 13225.45 219.2
2022 13189.6 12949.2 240.4
2022 13725.9 13553.4 172.5
2022 14026.9 13838.75 188.1
2022 14066.9 13983.3 83.6
2022 14432.65 14317 115.6
2022 14454.2 14330.7 123.5
2022 14681.05 14525.55 155.5
2022 14575.9 14508.15 67.8
2022 14843.6 14698.35 145.2
2022 14818 14664.6 153.4
2022 15177.55 14994.2 183.3
2022 15251.2 15131.7 119.5
2022 15186.9 15078 108.9
2022 14963.3 14883.9 79.4
2022 14944.1 14830.85 113.2
2022 15199.7 15103 96.7
2022 14845.65 14585.85 259.8
2022 14605.6 14453.85 151.8
2022 14644.25 14465 179.2
2022 14309.1 14132.35 176.8
2022 14286.45 13927.7 358.8
2022 14101.8 13929.3 172.5
2022 14287.85 14180.35 107.5
2022 13873.55 13775.4 98.1
2022 14013.9 13835.5 178.4
2022 14303.3 14072.65 230.6
2022 14200.75 14061.35 139.4
2022 13784.6 13657.35 127.2
2022 13342.55 13190.8 151.8
2022 13572.75 13433.95 138.8
2022 13189.5 12984 205.5
2022 13354 13175.6 178.4
2022 13427.7 13246.05 181.7
2022 12987.25 12773.15 214.1
2022 13135.9 13009.2 126.7
2022 13162.1 13090.4 71.7
2022 13549 13338.5 210.5
2022 12898.5 12713.05 185.5
2022 12628 12348.35 279.6
2022 12522.85 12299.3 223.6
2022 12558.8 12108 450.8
2022 11973.45 11760.45 213.0
2022 12210.5 12071.8 138.7
2022 12414.8 12233.3 181.5
2022 12546.3 12328.95 217.3
2022 12538.7 12358.15 180.6
2022 11916.8 11703.65 213.1
2022 12095.15 11963.85 131.3
2022 12042.2 11863.2 179.0
2022 11876.75 11753.85 122.9
2022 11882.55 11674.05 208.5
2022 12019.8 11848.4 171.4
2022 12437.75 12233.05 204.7
2022 12881.1 12755.4 125.7
2022 12751.15 12594.1 157.0
2022 12741.9 12582.25 159.6
2022 12653.3 12486.3 167.0
2022 12903.95 12670.1 233.9
2022 12764.6 12616.45 148.1
2022 12565.15 12425.5 139.6
2022 12720.6 12625.9 94.7
2022 12725.55 12527.15 198.4
2022 12338.45 11999.85 338.6
2022 11614.55 11431.3 183.2
2022 11509.75 11331.5 178.2
2022 11489.1 11343.35 145.8
2022 11569.5 11241.75 327.8
2022 11294.25 11141.35 152.9
2022 11378.2 11307.2 71.0
2022 11521.95 11408.2 113.8
2022 11463.45 11296.65 166.8
2022 11680 11461.95 218.0
2022 11839.45 11780.2 59.2
2022 12236.25 12102.8 133.5
2022 12131.9 12018.25 113.6
2022 11698.7 11594.2 104.5
2022 11586.05 11436.9 149.1
2022 11502.6 11366 136.6
2022 11557.4 11491.15 66.2
2022 11678.95 11406.8 272.2
2022 11838.05 11704.55 133.5
2022 11936.7 11865.2 71.5
2022 12098.65 11927.65 171.0
2022 12060.65 11971.25 89.4
2022 11929.75 11735.15 194.6
2022 11942.73 11459.38 483.4
2022 11707.48 11580.98 126.5
2022 11908.68 11716.68 192.0
2022 12154.98 12074.58 80.4
2022 12039.81 11865.26 174.5
2022 12318.21 12209.76 108.4
2022 12534.66 12382.51 152.1
2022 12595.56 12503.41 92.1
2022 12479.51 12369.26 110.2
2022 12314.49 12231.34 83.1
2022 12312.34 12242.04 70.3
2022 12605.99 12463.14 142.9
2022 12919.84 12772.84 147.0
2022 12969.14 12860.64 108.5
2022 12900.74 12797.34 103.4
2022 12999.72 12875.82 123.9
2022 13334.87 13208.62 126.2
2022 13345.07 13086.67 258.4
2022 13328.72 13227.12 101.6
2022 13202 13055.8 146.2
2022 13350 12960.8 389.2
2022 13485.9 13363.4 122.5
2022 13396.4 13315.6 80.8
2022 13538 13475.4 62.6
2022 13667.1 13606 61.1
2022 13646.3 13482.9 163.4
2022 13534.3 13388.1 146.2
2022 13462.3 13335.5 126.8
2022 13171.2 13028.9 142.3
2022 12946.7 12805.8 140.9
2022 12921.1 12809.1 112.0
2022 13068.8 12958.2 110.6
2022 13205.4 13055.5 149.9
2022 12522.3 12422.2 100.1
2022 12646.3 12517.5 128.8
2022 12485.4 12349.4 136.0
2022 12223.9 12101 122.9
2022 12409.4 12230.5 178.9
2022 12134.1 12049.7 84.4
2022 12238.8 12112.7 126.1
2022 12071.5 11965.1 106.4
2022 12324.2 12146 178.2
2022 12477.8 12352.8 125.0
2022 12693 12580 113.0
2022 12883.3 12344.2 539.1
2022 12137.1 11999.8 137.3
2022 12171.3 12045.3 126.0
2022 11844.7 11752.2 92.5
2022 11794.5 11720.1 74.4
2022 12014.8 11839.5 175.3
2022 11917.1 11791.4 125.7
2022 11725.7 11527.1 198.6
2022 11493.8 11315.2 178.6
2022 11360.3 11195.2 165.1
2022 11460.8 11348.3 112.5
2022 11294.6 11081.4 213.2
2022 11435.9 11267.6 168.3
2022 11292.2 11109.9 182.3
2022 11078.5 10886.8 191.7
2022 11488.5 11346.4 142.1
2022 11532.3 11413.3 119.0
2022 11645.3 11462.1 183.2
2022 11484.5 11243 241.5
2022 11079.2 10940.5 138.7
2022 10934.7 10798.1 136.6
2022 10920.2 10788.6 131.6
2022 10940.6 10444.3 496.3
2022 11200.3 10936 264.3
2022 10958.3 10764.3 194.0
2022 11354.9 11185.7 169.2
2022 11245.3 11053.6 191.7
2022 11170.8 10981.9 188.9
2022 11056.9 10891.8 165.1
2022 11404.2 11215.7 188.5
2022 11479.1 11393.4 85.7
2022 11523.7 11428.9 94.8
2022 11467.8 11308.6 159.2
2022 11179.3 11019.5 159.8
2022 11523.3 11441.7 81.6
2022 11572.9 11462 110.9
2022 11354.6 11262.4 92.2
2022 10939.7 10759.7 180.0
2022 10899.6 10609.2 290.4
2022 10935.6 10777 158.6
2022 11066.6 10917.1 149.5
2022 11115.6 10967.2 148.4
2022 11328.5 10797.3 531.2
2022 11742.8 11580.5 162.3
2022 11777.2 11711.9 65.3
2022 12082.9 11788.6 294.3
2022 11922.9 11774.8 148.1
2022 11787.8 11489.9 297.9
2022 11807.1 11637.2 169.9
2022 11653.4 11566.7 86.7
2022 11610.1 11495.2 114.9
2022 11765.4 11700.4 65.0
2022 11908.9 11850.4 58.5
2022 11892.7 11766.1 126.6
2022 11706.2 11619.5 86.7
2022 11681.5 11593.8 87.7
2022 11573.5 11495.1 78.4
2022 12110.8 11971.4 139.4
2022 12048.7 11721.7 327.0
2022 11981.4 11902.1 79.3
2022 11829 11765 64.0
2022 11572 11408.9 163.1
2022 11583.8 11489.4 94.4
2022 11725.7 11508.9 216.8
2022 11610.3 11544.7 65.6
2022 12203.8 11696.8 507.0
2022 11873.2 11795.1 78.1
2022 11719.3 11522.1 197.2
2022 11366.8 11205.1 161.7
2022 11304 11240.6 63.4
2022 11082.4 10968.4 114.0
2022 11153.9 11083.1 70.8
2022 11282.9 11085.9 197.0
2022 11049.1 10886.3 162.8
2022 11083.8 10947.4 136.4
2022 10862.7 10800.5 62.2
2022 10812.9 10713.2 99.7
2022 10923.3 10816.9 106.4
2023 11085.4 10951 134.4
2023 10969.2 10890.6 78.6
2023 10961.9 10806 155.9
2023 10890.1 10673.4 216.7
2023 11127.3 11043.3 84.0
2023 11128.2 11016.5 111.7
2023 11256 11162.2 93.8
2023 11500.9 11206.4 294.5
2023 11461.6 11314.6 147.0
2023 11526.7 11442.1 84.6
2023 11538.9 11465.7 73.2
2023 11652.2 11545.8 106.4
2023 11419.8 11279.1 140.7
2023 11384.2 11302.2 82.0
2023 11662 11591.6 70.4
2023 11875.1 11774.5 100.6
2023 11796 11640.4 155.6
2023 11964.9 11855.9 109.0
2023 12015.6 11961.7 53.9
2023 12113 11982 131.0
2023 11961.1 11815.9 145.2
2023 12114.8 12050.6 64.2
2023 12626.4 12456 170.4
2023 12708.7 12499.3 209.4
2023 12524.4 12406.9 117.5
2023 12524.7 12427.4 97.3
2023 12751.6 12655.9 95.7
2023 12679.7 12548.1 131.6
2023 12401.4 12226.3 175.1
2023 12389.7 12258.3 131.4
2023 12638.9 12418.8 220.1
2023 12573.4 12487.1 86.3
2023 12737 12468.4 268.6
2023 12379.7 12299.5 80.2
2023 12381.2 12318.3 62.9
2023 12318.8 12188.7 130.1
2023 12129.7 12030.5 99.2
2023 12227.5 12117.5 110.0
2023 12149.8 11944.9 204.9
2023 12126.3 11982.1 144.2
2023 12119.6 12003.8 115.8
2023 12116.3 12001.3 115.0
2023 11894.5 11807.6 86.9
2023 12132.9 11997.4 135.5
2023 12361.1 12275.3 85.8
2023 12362.6 12303.3 59.3
2023 12200.7 12130.1 70.6
2023 12260.5 12121.1 139.4
2023 12097.2 11926.2 171.0
2023 12087.3 11681.8 405.5
2023 12072.7 11919 153.7
2023 12229 11959 270.0
2023 12322.9 12201.3 121.6
2023 12630.2 12523.1 107.1
2023 12559.2 12397.2 162.0
2023 12659 12560.4 98.6
2023 12743.5 12676.7 66.8
2023 12722.1 12645 77.1
2023 12791.6 12625.2 166.4
2023 12839.1 12724.1 115.0
2023 12711.4 12630.6 80.8
2023 12768.6 12681.6 87.0
2023 12948.4 12849.4 99.0
2023 13006.1 12938 68.1
2023 13122.5 13056.1 66.4
2023 13225.7 13110.5 115.2
2023 13114.1 13051.6 62.5
2023 12967 12872.7 94.3
2023 13053.3 12924.7 128.6
2023 13096.4 13013.5 82.9
2023 13130.7 12928.5 202.2
2023 12927.4 12849.6 77.8
2023 13113.6 12998.1 115.5
2023 13117.2 13055.7 61.5
2023 13197.9 13076.9 121.0
2023 13061 12968 93.0
2023 13041.1 12928.2 112.9
2023 13001.6 12915.1 86.5
2023 13009.1 12924.2 84.9
2023 12941.2 12881.1 60.1
2023 12908.9 12802.1 106.8
2023 12961.8 12889.9 71.9
2023 13153.2 13093.5 59.7
2023 13289 13208.3 80.7
2023 13259.1 13208.1 51.0
2023 13159.3 13108.7 50.6
2023 13101.1 12991.6 109.5
2023 13080.5 13008.6 71.9
2023 13268.7 13221.4 47.3
2023 13275.6 13206.4 69.2
2023 13342.8 13138.8 204.0
2023 13403.2 13340.9 62.3
2023 13433.7 13393.9 39.8
2023 13388.5 13354.4 34.1
2023 13434.6 13369.8 64.8
2023 13465.8 13413.7 52.1
2023 13624 13572.5 51.5
2023 13876.3 13822 54.3
2023 13820.9 13770.3 50.6
2023 13881 13772.5 108.5
2023 13683.5 13577.4 106.1
2023 13942.55 13777 165.5
2023 14003.9 13903.8 100.1
2023 14391.9 14327 64.9
2023 14528.9 14352.9 176.0
2023 14347.4 14277.6 69.8
2023 14295.4 14232.4 63.0
2023 14530 14459.4 70.6
2023 14544.4 14497.7 46.7
2023 14583.1 14529.7 53.4
2023 14585.9 14509.9 76.0
2023 14346.4 14231.9 114.5
2023 14544.7 14440.9 103.8
2023 14639 14577.7 61.3
2023 14952.6 14783.2 169.4
2023 14954.4 14886.2 68.2
2023 14998.4 14870.9 127.5
2023 15281.9 15145.8 136.1
2023 15119.9 15048.6 71.3
2023 15068.4 14983.4 85.0
2023 15074.8 14997.4 77.4
2023 14846 14792.7 53.3
2023 15001.2 14847.7 153.5
2023 14922.2 14833.7 88.5
2023 14771.4 14726 45.4
2023 14923.5 14856.7 66.8
2023 15034.6 14936 98.6
2023 15104.5 14962.1 142.4
2023 15235.4 15176 59.4
2023 15211 15184.1 26.9
2023 15190.5 15101.9 88.6
2023 15152.3 15010.5 141.8
2023 15168.7 15031.7 137.0
2023 15056.7 14937.3 119.4
2023 15097 15036.3 60.7
2023 15295 15130.1 164.9
2023 15440.7 15351.9 88.8
2023 15601.6 15549 52.6
2023 15595.3 15543.1 52.2
2023 15710 15662.7 47.3
2023 15886.1 15827.6 58.5
2023 15774.9 15676.7 98.2
2023 15595.2 15474.4 120.8
2023 15484.1 15416.7 67.4
2023 15516 15445.7 70.3
2023 15566.9 15495.9 71.0
2023 15733.7 15600.9 132.8
2023 15659.1 15513.7 145.4
2023 15792.6 15703.3 89.3
2023 15761.2 15657.9 103.3
2023 15622.5 15494.7 127.8
2023 15376.5 15247.5 129.0
2023 15473 15316 157.0
2023 15389.2 15317.4 71.8
2023 15364.1 15238.6 125.5
2023 15356.1 15279.8 76.3
2023 15282.5 15163 119.5
2023 15171.4 15009.4 162.0
2023 15159 14987.6 171.4
2023 15262.9 15085.7 177.2
2023 15099.2 14998.4 100.8
2023 14952.7 14856.6 96.1
2023 14717.1 14560.9 156.2
2023 14805 14667.3 137.7
2023 15065.6 14913 152.6
2023 15032.2 14908.1 124.1
2023 15367.3 15273.1 94.2
2023 14875 14742.9 132.1
2023 15068.6 14939 129.6
2023 15106.8 15010.5 96.3
2023 15411.8 15322.6 89.2
2023 15503.6 15420.7 82.9
2023 15627.7 15469 158.7
2023 15545.9 15509.3 36.6
2023 15479.2 15393.4 85.8
2023 15487.5 15410.3 77.2
2023 15324.8 15160.3 164.5
2023 15327.1 15207.1 120.0
2023 15424.3 15343.4 80.9
2023 15465.7 15381.1 84.6
2023 15322.3 15199 123.3
2023 15440.7 15359.4 81.3
2023 15512.7 15392.2 120.5
2023 15243.4 15146.4 97.0
2023 15253.9 15156.4 97.5
2023 15247.7 15161.8 85.9
2023 14931.1 14763.7 167.4
2023 14802.9 14721.3 81.6
2023 14780.9 14619.1 161.8
2023 14724.9 14627.6 97.3
2023 14633.8 14571.9 61.9
2023 14617.4 14518.5 98.9
2023 14853.6 14724.9 128.7
2023 14860.8 14678 182.8
2023 14874.4 14691.3 183.1
2023 14650.7 14440.7 210.0
2023 14809.8 14703.3 106.5
2023 14781.8 14520.5 261.3
2023 14899.2 14837.1 62.1
2023 15098.7 15032.7 66.0
2023 15207.3 15135.4 71.9
2023 15311.9 15226.7 85.2
2023 15220.6 15089.8 130.8
2023 15065.5 14961.9 103.6
2023 15178.7 15015.4 163.3
2023 15099.9 15003.7 96.2
2023 14994 14824.4 169.6
2023 14782.5 14691.5 91.0
2023 14608.7 14422.5 186.2
2023 14722 14640.5 81.5
2023 14692.3 14615.2 77.1
2023 14343.7 14170.6 173.1
2023 14260 14187 73.0
2023 14309.1 14256.6 52.5
2023 14371.8 14238.5 133.3
2023 14454.2 14332.1 122.1
2023 14873 14701.6 171.4
2023 14987.4 14854.5 132.9
2023 15148.4 15107.5 40.9
2023 15208.4 15100.8 107.6
2023 15316.1 15263.3 52.8
2023 15341.1 15291.9 49.2
2023 15262.8 15140.1 122.7
2023 15508.8 15460.5 48.3
2023 15774.3 15496.9 277.4
2023 15976 15841.9 134.1
2023 15816.3 15755.9 60.4
2023 15857.3 15799.1 58.2
2023 15873.1 15785.8 87.3
2023 16045 15941.4 103.6
2023 16028.5 15892.9 135.6
2023 16039.7 16010.3 29.4
2023 16022.2 15976 46.2
2023 15979.5 15914.3 65.2
2023 15968.6 15903.4 65.2
2023 16131.5 16015 116.5
2023 16062 15991 71.0
2023 15966.3 15884.7 81.6
2023 15969.5 15816.7 152.8
2023 15786.8 15730.5 56.3
2023 16009.5 15895 114.5
2023 15917.1 15768.1 149.0
2023 16018.7 15871.1 147.6
2023 16079.9 16030.3 49.6
2023 16319.4 16214.1 105.3
2023 16412.1 16370.8 41.3
2023 16656.9 16587.1 69.8
2023 16608 16547 61.0
2023 16644.7 16596.4 48.3
2023 16777.7 16709.2 68.5
2023 16830.5 16752.4 78.1
2023 16768.1 16640.9 127.2
2023 16816 16701.2 114.8
2023 16838.4 16786.2 52.2
2023 16902.8 16869.2 33.6
2023 16973.7 16943.6 30.1
2023 16943.6 16879.6 64.0
2024 16849 16629.7 219.3
2024 16554.3 16417.9 136.4
2024 16420.7 16277.1 143.6
2024 16291.7 16175.8 115.9
2024 16357.5 16221.5 136.0
2024 16628.6 16502.4 126.2
2024 16750.4 16654.2 96.2
2024 16901.1 16745.5 155.6
2024 16865.5 16724.2 141.3
2024 16880.4 16797.5 82.9
2024 16790.1 16673 117.1
2024 16772.8 16671.8 101.0
2024 16914.7 16741.1 173.6
2024 17127.9 17025.1 102.8
2024 17450.3 17381.7 68.6
2024 17399 17295.4 103.6
2024 17568.3 17490.1 78.2
2024 17608.6 17484.7 123.9
2024 17496.3 17351.3 145.0
2024 17479.7 17424 55.7
2024 17609.3 17533.5 75.8
2024 17361.9 17227 134.9
2024 17266.5 17166.1 100.4
2024 17547.9 17388.4 159.5
2024 17646.5 17582.2 64.3
2024 17679.4 17580.9 98.5
2024 17692.6 17547.5 145.1
2024 17778.5 17709.8 68.7
2024 17891 17782.2 108.8
2024 17979.4 17941.1 38.3
2024 17886.7 17540.2 346.5
2024 17738.1 17619.6 118.5
2024 17868 17812 56.0
2024 17961 17837.9 123.1
2024 17728.1 17676.2 51.9
2024 17663 17552.4 110.6
2024 17526.3 17421.6 104.7
2024 17873 17759.8 113.2
2024 18063.2 17950.5 112.7
2024 17981.6 17883.2 98.4
2024 17995.6 17897.2 98.4
2024 17960.6 17848.8 111.8
2024 17997.1 17790.1 207.0
2024 18123 17991.4 131.6
2024 18340.4 18274.1 66.3
2024 18157.1 18074 83.1
2024 18074.8 17938.7 136.1
2024 18166.2 17893.8 272.4
2024 18355.7 18195.9 159.8
2024 18033 17906.5 126.5
2024 18114.2 17943.8 170.4
2024 18245.6 18152.8 92.8
2024 18173 18088.1 84.9
2024 18073.7 17882.6 191.1
2024 18052.1 17893.8 158.3
2024 18007.3 17832.8 174.5
2024 18083.1 17986.3 96.8
2024 18454.1 18348.2 105.9
2024 18369.7 18257.3 112.4
2024 18328.4 18220.4 108.0
2024 18387.1 18309.2 77.9
2024 18352.5 18252.5 100.0
2024 18304.6 18237.1 67.5
2024 18385.8 18262.1 123.7
2024 18303.6 18062.4 241.2
2024 18113.7 18026.4 87.3
2024 18350.5 18209.7 140.8
2024 18000.4 17863.5 136.9
2024 18170 18053.2 116.8
2024 18202.3 18060.5 141.8
2024 18273.15 17862.65 410.5
2024 18111.65 17916.25 195.4
2024 18329.85 18098.75 231.1
2024 18176.75 18072.35 104.4
2024 17751.55 17627.75 123.8
2024 17805.85 17615.45 190.4
2024 17616.75 17510.15 106.6
2024 17403.25 17202.25 201.0
2024 17170.45 17090.65 79.8
2024 17297.45 17181.05 116.4
2024 17614.45 17527.85 86.6
2024 17393.15 17201.25 191.9
2024 17690.55 17551.65 138.9
2024 17800.65 17738.45 62.2
2024 17787.15 17668.55 118.6
2024 17400.55 17292.25 108.3
2024 17506.45 17406.85 99.6
2024 17861.95 17613.65 248.3
2024 17970.85 17886.75 84.1
2024 18107.25 18045.25 62.0
2024 18110.45 17967.65 142.8
2024 18111.75 18005.65 106.1
2024 18207.35 18124.45 82.9
2024 18239.05 18177.85 61.2
2024 18212.85 18073.65 139.2
2024 18450.45 18296.55 153.9
2024 18634.45 18579.75 54.7
2024 18595.25 18525.55 69.7
2024 18602.15 18550.35 51.8
2024 18676.45 18594.45 82.0
2024 18736.05 18670.15 65.9
2024 18948.55 18855.45 93.1
2024 18702.55 18613.25 89.3
2024 18819.65 18790.35 29.3
2024 18910.25 18829.65 80.6
2024 18821.75 18689.55 132.2
2024 18725.35 18597.15 128.2
2024 18608.65 18426.65 182.0
2024 18663.85 18569.95 93.9
2024 18599.45 18463.85 135.6
2024 18803.35 18653.15 150.2
2024 19075.15 19010.35 64.8
2024 19064.05 18901.75 162.3
2024 19008.15 18938.05 70.1
2024 19078.45 18994.15 84.3
2024 19423.82 19209.35 214.5
2024 19658.99 19552.89 106.1
2024 19633.99 19477.69 156.3
2024 19728.69 19655.59 73.1
2024 19982.35 19901.75 80.6
2024 19963.25 19931.15 32.1
2024 20086.35 19958.75 127.6
2024 19817.15 19679.85 137.3
2024 19757.75 19624.15 133.6
2024 19584.25 19460.05 124.2
2024 19805.15 19637.95 167.2
2024 19748.85 19676.35 72.5
2024 19921.75 19810.25 111.5
2024 19776.85 19658.55 118.3
2024 19776.55 19671.25 105.3
2024 20041.65 19965.65 76.0
2024 20172.75 20159.25 13.5
2024 20266.35 20156.75 109.6
2024 20408.55 20350.65 57.9
2024 20520.55 20476.95 43.6
2024 20543.65 20474.15 69.5
2024 20758.15 20641.55 116.6
2024 20258.55 20128.85 129.7
2024 20447.05 20390.65 56.4
2024 20450.15 20338.65 111.5
2024 20311.45 20053.45 258.0
2024 19970.45 19826.15 144.3
2024 19795.65 19574.55 221.1
2024 19780.25 19580.55 199.7
2024 19838.95 19691.95 147.0
2024 19603.55 19438.25 165.3
2024 19113.35 18901.05 212.3
2024 19086.35 18915.25 171.1
2024 19212.75 19070.75 142.0
2024 19143.75 19036.25 107.5
2024 19238.35 19023.35 215.0
2024 19550.15 19363.55 186.6
2024 18654.25 18383.85 270.4
2024 17871.95 17247.55 624.4
2024 18252.05 17905.15 346.9
2024 18351.05 18111.15 239.9
2024 18147.75 17773.95 373.8
2024 18549.55 18283.25 266.3
2024 18588.25 18499.35 88.9
2024 18749.55 18550.15 199.4
2024 19064.45 18935.61 128.8
2024 19271.05 19006.65 264.4
2024 19583.95 19350.35 233.6
2024 19548.25 19435.65 112.6
2024 19835.95 19717.95 118.0
2024 19771.75 19699.35 72.4
2024 19914.85 19798.95 115.9
2024 19700.35 19594.25 106.1
2024 19770.05 19670.05 100.0
2024 19573.95 19405.45 168.5
2024 19620.35 19526.25 94.1
2024 19452.55 19245.85 206.7
2024 19518.85 19399.15 119.7
2024 19587.25 19461.85 125.4
2024 19593.55 19395.35 198.2
2024 18891.25 18781.55 109.7
2024 18953.65 18784.95 168.7
2024 18937.35 18671.05 266.3
2024 18614.25 18513.85 100.4
2024 18747.25 18551.95 195.3
2024 18900.05 18705.35 194.7
2024 19315.95 19223.45 92.5
2024 19452.85 19381.55 71.3
2024 19524.95 19402.45 122.5
2024 19569.85 19428.25 141.6
2024 19489.95 19411.25 78.7
2024 19817.25 19621.35 195.9
2024 19834.85 19740.45 94.4
2024 19870.75 19718.65 152.1
2024 19954.55 19827.05 127.5
2024 19933.75 19841.15 92.6
2024 20313.95 20194.55 119.4
2024 20174.95 20018.55 156.4
2024 20033.05 19906.35 126.7
2024 20112.65 20003.35 109.3
2024 19804.75 19673.55 131.2
2024 19790.05 19647.65 142.4
2024 20069.15 19780.15 289.0
2024 20015.75 19860.75 155.0
2024 19914.05 19752.25 161.8
2024 20108.05 20004.05 104.0
2024 20263.55 20130.45 133.1
2024 20252.15 20160.05 92.1
2024 20387.35 20245.05 142.3
2024 20473.85 20387.05 86.8
2024 20218.15 20155.95 62.2
2024 20418.45 20166.15 252.3
2024 20341.65 20231.35 110.3
2024 20297.15 20180.75 116.4
2024 20328.65 20201.35 127.3
2024 20385.95 20270.25 115.7
2024 20277.15 20164.45 112.7
2024 20368.55 20239.65 128.9
2024 20535.15 20439.25 95.9
2024 20412.35 20321.65 90.7
2024 20627.45 20502.55 124.9
2024 20279.28 20150.95 128.3
2024 20023.85 19931.45 92.4
2024 20124.45 19968.05 156.4
2024 20054.16 19985.06 69.1
2024 20615.06 20466.36 148.7
2024 20903.65 20791.36 112.3
2024 21132.65 21004.05 128.6
2024 21231.15 21159.65 71.5
2024 21133.25 21022.55 110.7
2024 21137.35 21009.15 128.2
2024 21083.75 20983.85 99.9
2024 20769.45 20650.35 119.1
2024 20551.65 20384.25 167.4
2024 20593.55 20289.75 303.8
2024 20784.15 20674.9 109.2
2024 20797.95 20505.75 292.2
2024 20749.25 20612.15 137.1
2024 20966.35 20853.15 113.2
2024 20905.45 20776.55 128.9
2024 20918.35 20833.15 85.2
2024 20811.75 20777.45 34.3
2024 20848.05 20750.95 97.1
2024 20986.45 20880.85 105.6
2024 21185.05 21088.65 96.4
2024 21404.05 21291.05 113.0
2024 21487.75 21439.25 48.5
2024 21486.35 21400.55 85.8
2024 21663.25 21545.75 117.5
2024 21498.35 21409.75 88.6
2024 21552.15 21368.25 183.9
2024 21737.45 21618.35 119.1
2024 21820.15 21702.15 118.0
2024 21893.85 21771.75 122.1
2024 22102.25 22007.65 94.6
2024 22072.95 21954.45 118.5
2024 21386.65 21187.55 199.1
2024 21015.15 20722.05 293.1
2024 21460.05 21271.85 188.2
2024 21588.15 21479.65 108.5
2024 21831.95 21643.75 188.2
2024 21719.15 21610.25 108.9
2024 21449.65 21135.85 313.8
2024 21303.25 21139.25 164.0
2025 21273.95 21102.35 171.6
2025 21102.25 21008.45 93.8
2025 21565.35 21345.85 219.5
2025 21607.65 21498.95 108.7
2025 21262.95 21036.25 226.7
2025 21155.75 21036.95 118.8
2025 21199.25 20874.65 324.6
2025 20748.15 20527.65 220.5
2025 20979.15 20778.15 201.0
2025 21166.85 20747.15 419.7
2025 21403.45 21258.25 145.2
2025 21529.45 21101.95 427.5
2025 21572.8 21384.75 188.0
2025 21585.7 21432.7 153.0
2025 21786.55 21691.85 94.7
2025 21801.65 21709.65 92.0
2025 21914.35 21833.35 81.0
2025 21277.55 20630.95 646.6
2025 21293.25 21128.35 164.9
2025 21570.95 21434.85 136.1
2025 21587.55 21453.05 134.5
2025 21691.75 21622.35 69.4
2025 21156.55 20953.75 202.8
2025 21387.15 21202.95 184.2
2025 21449.05 21323.25 125.8
2025 21725.95 21602.25 123.7
2025 21806.07 21694.21 111.9
2025 21693.75 21585.95 107.8
2025 21680.35 21575.05 105.3
2025 21755.75 21418.75 337.0
2025 21808.95 21663.55 145.4
2025 22075.05 21955.65 119.4
2025 22194.45 22144.45 50.0
2025 22237.35 22172.05 65.3
2025 22198.45 22102.65 95.8
2025 22144.35 22063.15 81.2
2025 22175.85 22035.05 140.8
2025 21746.65 21636.25 110.4
2025 21387.55 21222.85 164.7
2025 21270.43 21162.83 107.6
2025 21326.93 21191.43 135.5
2025 20630.53 20501.03 129.5
2025 21054.6 20842.7 211.9
2025 20524.1 20218.2 305.9
2025 20587.1 20337.7 249.4
2025 20600.8 20258.5 342.3
2025 20230.1 19987 243.1
2025 20104.65 19826.35 278.3
2025 19550.05 19371.85 178.2
2025 19754.96 19356.55 398.4
2025 19601.75 19371.85 229.9
2025 19503.05 19340.25 162.8
2025 19757.05 19533.25 223.8
2025 19809.25 19661.15 148.1
2025 19577.35 19446.65 130.7
2025 19872.75 19519.55 353.2
2025 19690.05 19401.85 288.2
2025 20084.25 19909.05 175.2
2025 20246.25 20093.35 152.9
2025 20299.25 20230.95 68.3
2025 19945.15 19817.15 128.0
2025 19819.25 19656.35 162.9
2025 19089.25 18936.25 153.0
2025 19331.35 19132.45 198.9
2025 19412.15 19143.75 268.4
2025 18999.35 18653.85 345.5
2025 18517.15 17663.45 853.7
2025 17136.55 16341.15 795.4
2025 18025.85 17556.35 469.5
2025 17291.45 16739.25 552.2
2025 19037.45 18558.55 478.9
2025 18650.75 18173.95 476.8
2025 19117.65 18889.25 228.4
2025 18902.15 18697.85 204.3
2025 18723.85 18377.25 346.6
2025 18528.05 18333.95 194.1
2025 18144.55 17968.15 176.4
2025 18057.55 17871.05 186.5
2025 18859.45 18601.65 257.8
2025 18764.05 18482.85 281.2
2025 19361.45 19105.05 256.4
2025 19465.05 19312.95 152.1
2025 19517.55 19276.55 241.0
2025 19518.95 19129.35 389.6
2025 19933.65 19800.95 132.7
2025 20046.95 19769.95 277.0
2025 20008.45 19877.95 130.5
2025 19886.45 19696.35 190.1
2025 19943.85 19794.25 149.6
2025 20181.25 20043.35 137.9
2025 20202.95 20062.25 140.7
2025 20912.55 20462.85 449.7
2025 20976.62 20743.55 233.1
2025 21302.45 21158.05 144.4
2025 21283.35 21108.85 174.5
2025 21421.25 21279.55 141.7
2025 21209.45 21033.85 175.6
2025 21406.55 21316.75 89.8
2025 21281.35 21156.15 125.2
2025 21171.35 20968.65 202.7
2025 21171.05 20668.15 502.9
2025 21231.95 21132.95 99.0
2025 21304.15 21149.85 154.3
2025 21481.35 21351.05 130.3
2025 21806.05 21568.25 237.8
2025 21370.95 21176.95 194.0
2025 21254.55 21120.65 133.9
2025 21514.05 21359.15 154.9
2025 21727.65 21616.55 111.1
2025 21855.95 21674.12 181.8
2025 21776.55 21595.75 180.8
2025 21793.15 21701.85 91.3
2025 21842.15 21708.15 134.0
2025 22067.85 21850.15 217.7
2025 21840.95 21695.65 145.3
2025 21685.15 21545.65 139.5
2025 21826.15 21691.85 134.3
2025 21886.35 21760.45 125.9
2025 21830.75 21718.05 112.7
2025 21643.65 21507.05 136.6
2025 21875.45 21632.35 243.1
2025 21728.25 21560.15 168.1
2025 22161.55 22032.85 128.7
2025 22289.55 22184.25 105.3
2025 22365.35 22289.05 76.3
2025 22569.05 22485.95 83.1
2025 22696.55 22631.65 64.9
2025 22653.05 22544.15 108.9
2025 22566.55 22373.15 193.4
2025 22735.35 22624.35 111.0
2025 22809.45 22681.35 128.1
2025 22801.65 22709.35 92.3
2025 22775.35 22710.35 65.0
2025 22783.75 22649.85 133.9
2025 22886.35 22789.15 97.2
2025 22786.75 22670.15 116.6
2025 22765.35 22626.55 138.8
2025 23041.85 22955.05 86.8
2025 22911.35 22756.35 155.0
2025 22988.55 22903.35 85.2
2025 23150.95 23082.95 68.0
2025 23147.25 23062.85 84.4
2025 23190.35 23112.25 78.1
2025 23130.65 23078.35 52.3
2025 23252.45 23177.35 75.1
2025 23266.05 23201.25 64.8
2025 23441.35 23323.55 117.8
2025 23474.35 23403.15 71.2
2025 23384.55 23326.65 57.9
2025 23708.85 23607.05 101.8
2025 23165.95 22901.15 264.8
2025 22980.35 22831.75 148.6
2025 23288.15 23197.85 90.3
2025 23115.45 22996.05 119.4
2025 23527.65 23356.85 170.8
2025 23479.15 23405.65 73.5
2025 23657.85 23561.35 96.5
2025 23721.15 23507.85 213.3
2025 23944.85 23834.05 110.8
2025 23868.15 23696.65 171.5
2025 23868.65 23778.35 90.3
2025 23766.25 23651.55 114.7
2025 23719.25 23649.15 70.1
2025 23371.35 23264.35 107.0
2025 23288.95 23129.35 159.6
2025 23203.85 23002.25 201.6
2025 23498.75 23392.45 106.3
2025 23438.65 23348.95 89.7
2025 23556.05 23470.75 85.3
2025 23601.95 23480.85 121.1
2025 23678.55 23559.25 119.3
2025 23454.65 23323.65 131.0
2025 23405.45 23025.55 379.9
2025 23414.25 23265.75 148.5
2025 23491.95 23408.95 83.0
2025 23858.75 23687.56 171.2
2025 23760.35 23696.45 63.9
2025 23850.85 23766.45 84.4
2025 24008.65 23851.45 157.2
2025 23949.65 23830.52 119.1
2025 24031.65 23949.05 82.6
2025 24162.95 24056.35 106.6
2025 24387.55 24324.65 62.9
2025 24302.15 24205.65 96.5
2025 24514.75 24338.75 176.0
2025 24539.45 24410.05 129.4
2025 24597.45 24498.75 98.7
2025 24783.45 24730.45 53.0
2025 24672.15 24605.95 66.2
2025 24522.35 24301.05 221.3
2025 24516.85 24340.05 176.8
2025 24684.55 24589.05 95.5
2025 24631.15 24530.35 100.8
2025 24583.25 24412.35 170.9
2025 24964.25 24838.45 125.8
2025 24985.85 24894.65 91.2
2025 25036.65 24841.45 195.2
2025 25067.75 24921.75 146.0
2025 24911.95 24824.75 87.2
2025 25167.25 25094.55 72.7
2025 25166.05 25063.25 102.8
2025 24769.55 24558.25 211.3
2025 24570.95 24324.45 246.5
2025 24849.35 24693.25 156.1
2025 24926.65 24780.85 145.8
2025 24633.15 24241.95 391.2
2025 24987.95 24874.35 113.6
2025 25149.95 25087.95 62.0
2025 25176.05 25044.55 131.5
2025 24971.05 24782.15 188.9
2025 25373.65 25172.25 201.4
2025 25705.85 25621.95 83.9
2025 25916.75 25799.35 117.4
2025 26167.35 26083.95 83.4
2025 26150.45 25939.45 211.0
2025 26135.95 26007.85 128.1
2025 26116.95 25882.55 234.4
2025 25671.55 25515.25 156.3
2025 25468.65 25277.55 191.1
2025 25697.95 25505.25 192.7
2025 25242.65 24952.25 290.4
2025 25461.95 25350.75 111.2
2025 25588.75 25471.05 117.7
2025 25725.45 25616.85 108.6
2025 25620.45 25334.45 286.0
2025 24977.85 24561.75 416.1
2025 25273.75 24903.05 370.7
2025 24772.85 24517.85 255.0
2025 24646.65 24448.15 198.5
2025 25178.75 24936.75 242.0
2025 24216.85 23829.05 387.8
2025 24504.35 24292.35 212.0
2025 24904.35 24751.35 153.0
2025 25168.25 25055.25 113.0
2025 25266.35 25228.05 38.3
2025 25328.45 25287.05 41.4
2025 25291.75 25160.25 131.5
2025 25472.35 25274.75 197.6
2025 25628.05 25372.55 255.5
2025 25686.55 25558.25 128.3
2025 25712.85 25538.25 174.6
2025 25795.45 25724.95 70.5
2025 25678.25 25555.15 123.1
2025 25713.35 25583.65 129.7
2025 25672.35 25445.95 226.4
2025 25660.65 25511.15 149.5
2025 25392.45 25216.45 176.0
2025 25115.05 24809.25 305.8
2025 25257.25 25131.45 125.8
2025 25048.75 24748.85 299.9
2025 25155.95 25036.35 119.6
2025 25547.65 25443.75 103.9
2025 25494.75 25374.95 119.8
2025 25604.75 25556.85 47.9
2025 25701.35 25621.85 79.5
2025 25608.05 25441.75 166.3
2025 25538.85 25471.75 67.1
2025 25505.75 25342.45 163.3
2026 25534.35 25416.65 117.7
2026 25464.05 25272.85 191.2
2026 25487.65 25344.75 142.9
2026 25609.25 25542.75 66.5
2026 25639.75 25502.65 137.1
2026 25648.45 25476.55 171.9
2026 25592.75 25464.15 128.6
2026 25878.95 25704.85 174.1
2026 25714.95 25538.75 176.2
2026 25789.05 25512.95 276.1
2026 25721.35 25639.15 82.2
2026 25254.25 25101.55 152.7
2026 25166.65 24942.55 224.1
2026 25111.35 24881.25 230.1
2026 25597.35 25357.25 240.1
2026 25587.53 25405.15 182.4
2026 25618.25 25452.15 166.1
2026 25912.55 25837.15 75.4
2026 26202.05 26105.25 96.8
2026 26153.05 26006.65 146.4
2026 25783.25 25528.15 255.1
2026 25434.55 25121.55 313.0
2026 25915.25 25810.55 104.7
2026 25408.95 25219.65 189.3
2026 25023.15 24607.65 415.5
2026 24775.35 24393.55 381.8
2026 25128.45 24882.05 246.4
2026 25334.55 25205.65 128.9
2026 25365.75 25062.55 303.2
2026 25338.25 25233.45 104.8
2026 24745.66 24546.65 199.0
2026 24852.75 24685.75 167.0
2026 24657.25 24449.75 207.5
2026 24894.95 24736.05 158.9
2026 24985.95 24732.45 253.5
2026 24923.35 24635.45 287.9
2026 24945.55 24805.35 140.2
2026 24847.05 24708.25 138.8
2026 25125.85 24966.75 159.1
2026 25365.85 25277.45 88.4
2026 25056.65 24753.75 302.9
2026 24699.35 24438.25 261.1
2026 24729.65 24332.85 396.8
2026 24889.79 24500.55 389.2
2026 25170.65 24927.75 242.9
2026 25108.15 24581.05 527.1
2026 24470.85 24186.65 284.2
2026 25118.85 24865.35 253.5
2026 25026.95 24869.45 157.5
2026 24904.25 24723.05 181.2
2026 24715.25 24379.25 336.0
2026 24673.85 24463.85 210.0
2026 24794.45 24504.45 290.0
2026 24981.75 24635.45 346.3
2026 24425.15 24180.35 244.8
2026 24397.65 24101.85 295.8
2026 24550.55 23561.85 988.7
2026 24292.45 23991.95 300.5
2026 24328.95 24113.95 215.0
2026 24089.15 23866.95 222.2
2026 23759.35 23379.95 379.4
2026 23390.65 23157.25 233.4
2026 23252.75 23055.85 196.9
2026 24060.05 23822.25 237.8
2026 23703.65 23488.85 214.8
2026 24224.85 24035.35 189.5
2026 24250.05 23963.55 286.5
2026 25086.15 24964.25 121.9
2026 24909.05 24780.35 128.7
2026 25200.39 25037.85 162.5
2026 25051.75 24908.45 143.3
2026 25551.29 25402.53 148.8
2026 25878.15 25772.05 106.1
2026 26325.25 26203.65 121.6
2026 26654.35 26292.05 362.3
2026 26644.45 26462.25 182.2
2026 26746.35 26642.65 103.7
2026 26747.15 26627.75 119.4
2026 26928.45 26739.35 189.1
2026 27220.05 26921.15 298.9
2026 27364.95 27249.45 115.5
2026 27243.05 26901.45 341.6
2026 27184.35 27059.65 124.7
2026 27413.95 27054.15 359.8
2026 27509.25 27408.15 101.1
2026 27833.05 27545.05 288.0
2026 27887.45 27700.45 187.0
2026 28515.85 28182.55 333.3
2026 28696.25 28576.05 120.2
2026 28860.25 28669.05 191.2
2026 29279.75 29151.15 128.6
2026 29185.85 29007.65 178.2
2026 29342.93 29096.15 246.8
2026 29534.85 29342.65 192.2
2026 29366.35 29040.85 325.5
2026 29321.65 28893.15 428.5
2026 29027.45 28705.65 321.8
2026 29076.35 28857.75 218.6
2026 29370.25 29088.05 282.2
2026 29581.75 29354.75 227.0
2026 29911.55 29813.45 98.1
2026 29856.25 29670.25 186.0
2026 30306.25 29984.35 321.9
2026 30020.25 29800.35 219.9
2026 30306.65 30189.75 116.9
2026 30530.45 30230.15 300.3
2026 30530.63 30413.85 116.8
2026 30749.25 30625.05 124.2
2026 30488.55 30108.85 379.7
2026 30200.95 29956.05 244.9
2026 29562.35 28959.05 603.3
2026 29707.55 29527.15 180.4
2026 28976.75 28574.15 402.6
2026 28900.93 28604.83 296.1
2026 29636.33 29229.43 406.9
2026 30320.43 30187.23 133.2
2026 30652.43 30463.73 188.7
2026 30252.13 30055.73 196.4
2026 30293.83 30004.83 289.0
2026 30350.83 30160.43 190.4
2026 30557.33 30323.43 233.9
2026 29822.13 29365.23 456.9
2026 29563.53 29383.73 179.8
2026 29955.83 29772.03 183.8
2026 29259.03 28912.73 346.3
2026 29465.63 29287.43 178.2
2026 29895.83 29717.93 177.9
2026 30170.73 29946.83 223.9
2026 30058.43 29565.73 492.7
2026 29675.63 29572.93 102.7
2026 29696.33 29513.63 182.7
2026 29505.23 29345.03 160.2
2026 29181.93 28678.13 503.8
2026 29568.23 29346.13 222.1
2026 29675.43 29507.33 168.1
2026 29587.23 29373.43 213.8
2026 29712.63 29338.43 374.2
2026 29860.73 29654.73 206.0
2026 29550.23 29164.83 385.4
2026 28628.93 28361.23 267.7
2026 28931.53 28589.53 342.0
2026 29049.43 28914.03 135.4
2026 29005.23 28797.93 207.3
2026 28972.23 28533.33 438.9
2026 28540.93 28317.73 223.2
2026 28603.13 28428.63 174.5
2026 27895.53 27682.43 213.1
2026 27910.63 27583.93 326.7
2026 27735.63 27191.53 544.1
2026 28513.93 28305.93 208.0
2026 28541.13 28263.63 277.5
2026 29160.73 28887.83 272.9
2026 29872.23 29678.93 193.3
2026 29460.33 29207.63 252.7
2026 29752.83 29406.83 346.0
2026 29871.13 29659.23 211.9
2026 29776.63 29608.33 168.3
2026 29883.43 29590.28 293.2
2026 29815.33 29708.03 107.3
2026 30181.63 30047.78 133.9
